0.0
0.05
0.09523809523809523
0.13636363636363635
0.17391304347826086
0.20833333333333334
0.24
0.2692307692307692
0.2962962962962963
0.32142857142857145
0.3448275862068966
0.36666666666666664
0.3870967741935484
0.40625
0.42424242424242425
0.4411764705882353
0.45714285714285713
0.4722222222222222
0.4864864864864865
0.12582781456953643
0.13245033112582782
0.1390728476821192
0.1456953642384106
0.152317880794702
0.15894039735099338
0.16556291390728478
0.17218543046357615
0.17880794701986755
0.18543046357615894
0.19205298013245034
0.1986754966887417
0.2052980132450331
0.2119205298013245
0.2185430463576159
0.2251655629139073
0.23178807947019867
0.23841059602649006
0.24503311258278146
0.25165562913907286
0.2582781456953642
0.26490066225165565
0.271523178807947
0.2781456953642384
0.2847682119205298
0.2913907284768212
0.2980132450331126
0.304635761589404
0.31125827814569534
0.31788079470198677
0.32450331125827814
0.33112582781456956
0.33774834437086093
0.3443708609271523
0.3509933774834437
0.3576158940397351
0.36423841059602646
0.3708609271523179
0.37748344370860926
0.3841059602649007
0.39072847682119205
0.3973509933774834
0.40397350993377484
0.4105960264900662
0.41721854304635764
0.423841059602649
0.4304635761589404
0.4370860927152318
0.44370860927152317
0.4503311258278146
0.45695364238410596
0.46357615894039733
0.47019867549668876
0.4768211920529801
0.48344370860927155
0.4900662251655629
0.4966887417218543
0.5033112582781457
0.5099337748344371
0.5165562913907285
0.5231788079470199
0.5298013245033113
0.5364238410596026
0.543046357615894
0.5496688741721855
0.5562913907284768
0.5629139072847682
0.5695364238410596
0.5761589403973509
0.5827814569536424
0.5894039735099338
0.5960264900662252
0.6026490066225165
0.609271523178808
0.6158940397350994
0.6225165562913907
0.6291390728476821
0.6357615894039735
0.6423841059602649
0.6490066225165563
0.6556291390728477
0.6622516556291391
0.6688741721854304
0.6754966887417219
0.6821192052980133
0.6887417218543046
0.695364238410596
0.7019867549668874
0.7086092715231788
0.7152317880794702
0.7218543046357616
0.7284768211920529
0.7350993377483444
0.7417218543046358
0.7483443708609272
0.7549668874172185
0.7615894039735099
0.7682119205298014
0.7748344370860927
0.7814569536423841
0.7880794701986755
0.7947019867549668
0.8013245033112583
0.8079470198675497
0.8145695364238411
0.8211920529801324
0.8278145695364238
0.8344370860927153
0.8410596026490066
0.847682119205298
0.8543046357615894
0.8609271523178808
0.8675496688741722
0.8741721854304636
0.8807947019867549
0.8874172185430463
0.8940397350993378
0.9006622516556292
0.9072847682119205
0.9139072847682119
0.9205298013245033
0.9271523178807947
0.9337748344370861
0.9403973509933775
0.9470198675496688
0.9536423841059603
0.9602649006622517
0.9668874172185431
0.9735099337748344
0.9801324503311258
0.9867549668874173
0.9933774834437086
